46.000000
49.000000
48.000000
60.000000
52.000000
49.000000
48.000000
43.000000
40.000000
47.000000
45.000000
60.000000
53.000000
47.000000
41.000000
45.000000
45.000000
43.000000
39.000000
59.000000
52.000000
40.000000
47.000000
47.000000
50.000000
43.000000
42.000000
51.000000
43.000000
45.000000
43.000000
42.000000
42.000000
46.000000
46.000000
45.000000
55.000000
60.000000
47.000000
47.000000
43.000000
46.000000
50.000000
44.000000
52.000000
51.000000
42.000000
45.000000
44.000000
45.000000
